[gd_scene load_steps=7 format=3 uid="uid://dt2l52be77jk5"]

[sub_resource type="PhysicsMaterial" id="PhysicsMaterial_h5p6x"]
friction = 0.7
bounce = 0.05

[sub_resource type="BoxMesh" id="BoxMesh_h5p6x"]
size = Vector3(0.1, 1.3, 0.1)

[sub_resource type="ConvexPolygonShape3D" id="ConvexPolygonShape3D_uekkd"]
points = PackedVector3Array(-0.05, -0.65, -0.05, -0.05, -0.65, 0.05, -0.05, 0.65, -0.05, 0.05, -0.65, -0.05, 0.05, -0.65, 0.05, -0.05, 0.65, 0.05, 0.05, 0.65, -0.05, 0.05, 0.65, 0.05)

[sub_resource type="BoxMesh" id="BoxMesh_xpgvt"]
size = Vector3(0.1, 0.1, 1.7)

[sub_resource type="ConvexPolygonShape3D" id="ConvexPolygonShape3D_7b4sd"]
points = PackedVector3Array(0.05, 0.05, 0.85, 0.05, -0.05, 0.85, 0.05, 0.05, -0.85, -0.05, 0.05, 0.85, -0.05, -0.05, 0.85, 0.05, -0.05, -0.85, -0.05, 0.05, -0.85, -0.05, -0.05, -0.85)

[sub_resource type="ConvexPolygonShape3D" id="ConvexPolygonShape3D_xncio"]
points = PackedVector3Array(0.05, 0.05, 0.85, 0.05, -0.05, 0.85, 0.05, 0.05, -0.85, -0.05, 0.05, 0.85, -0.05, -0.05, 0.85, 0.05, -0.05, -0.85, -0.05, 0.05, -0.85, -0.05, -0.05, -0.85)

[node name="Front" type="RigidBody3D"]
mass = 1.5
physics_material_override = SubResource("PhysicsMaterial_h5p6x")

[node name="HandleBars" type="MeshInstance3D" parent="."]
transform = Transform3D(1, 0, 0, 0, -4.37114e-08, -1, 0, 1, -4.37114e-08, 0.633008, 1.52121, 0)
mesh = SubResource("BoxMesh_h5p6x")
skeleton = NodePath("../FTire")

[node name="CollisionShape3D" type="CollisionShape3D" parent="."]
transform = Transform3D(1, 0, 0, 0, -4.37114e-08, -1, 0, 1, -4.37114e-08, 0.633008, 1.52121, 0)
shape = SubResource("ConvexPolygonShape3D_uekkd")

[node name="HandleBarToTire" type="MeshInstance3D" parent="."]
transform = Transform3D(0.838728, 9.82846e-09, 0.544551, 0.544551, -4.25921e-08, -0.838727, 1.49502e-08, 0.999999, -4.10752e-08, 1.13786, 0.807652, 0.13491)
mesh = SubResource("BoxMesh_xpgvt")
skeleton = NodePath("../HandleBars")

[node name="CollisionShape3D2" type="CollisionShape3D" parent="."]
transform = Transform3D(0.838728, 9.82846e-09, 0.544551, 0.544551, -4.25921e-08, -0.838727, 1.49502e-08, 0.999999, -4.10752e-08, 1.13786, 0.807652, 0.13491)
shape = SubResource("ConvexPolygonShape3D_7b4sd")

[node name="HandleBarToTire2" type="MeshInstance3D" parent="."]
transform = Transform3D(0.838728, 9.82846e-09, 0.544551, 0.544551, -4.25921e-08, -0.838727, 1.49502e-08, 0.999999, -4.10752e-08, 1.13786, 0.807652, -0.158701)
mesh = SubResource("BoxMesh_xpgvt")
skeleton = NodePath("../HandleBars")

[node name="CollisionShape3D3" type="CollisionShape3D" parent="."]
transform = Transform3D(0.838728, 9.82846e-09, 0.544551, 0.544551, -4.25921e-08, -0.838727, 1.49502e-08, 0.999999, -4.10752e-08, 1.13786, 0.807652, -0.158701)
shape = SubResource("ConvexPolygonShape3D_xncio")
